distancia:[
(45.0 57.0)35
(57.0 45.0)35
(69.0 76.0)90
(76.0 69.0)90
(12.0 14.0)94
(14.0 12.0)94
(68.0 73.0)100
(73.0 68.0)100
(11.0 20.0)117
(20.0 11.0)117
(66.0 70.0)163
(70.0 66.0)163
(75.0 78.0)163
(78.0 75.0)163
(51.0 53.0)169
(53.0 51.0)169
(62.0 80.0)176
(80.0 62.0)176
(7.0 19.0)204
(19.0 7.0)204
(3.0 15.0)219
(15.0 3.0)219
(1.0 7.0)221
(7.0 1.0)221
(41.0 52.0)224
(52.0 41.0)224
(68.0 70.0)235
(70.0 68.0)235
(8.0 20.0)244
(20.0 8.0)244
(34.0 37.0)261
(37.0 34.0)261
(31.0 36.0)288
(36.0 31.0)288
(21.0 26.0)297
(26.0 21.0)297
(44.0 45.0)301
(45.0 44.0)301
(64.0 66.0)325
(66.0 64.0)325
(30.0 36.0)328
(36.0 30.0)328
(41.0 44.0)338
(44.0 41.0)338
(67.0 71.0)341
(71.0 67.0)341
(42.0 57.0)345
(57.0 42.0)345
(44.0 56.0)346
(56.0 44.0)346
(1.0 8.0)347
(8.0 1.0)347
(71.0 75.0)359
(75.0 71.0)359
(10.0 13.0)381
(13.0 10.0)381
(47.0 60.0)388
(60.0 47.0)388
(61.0 73.0)398
(73.0 61.0)398
(25.0 39.0)404
(39.0 25.0)404
(25.0 35.0)412
(35.0 25.0)412
(53.0 60.0)415
(60.0 53.0)415
(42.0 43.0)421
(43.0 42.0)421
(24.0 31.0)428
(31.0 24.0)428
(56.0 60.0)433
(60.0 56.0)433
(9.0 15.0)433
(15.0 9.0)433
(26.0 29.0)442
(29.0 26.0)442
(24.0 40.0)443
(40.0 24.0)443
(24.0 34.0)457
(34.0 24.0)457
(2.0 17.0)459
(17.0 2.0)459
(48.0 55.0)466
(55.0 48.0)466
(54.0 58.0)466
(58.0 54.0)466
(28.0 35.0)474
(35.0 28.0)474
(21.0 34.0)499
(34.0 21.0)499
(3.0 16.0)504
(16.0 3.0)504
(22.0 32.0)506
(32.0 22.0)506
(7.0 16.0)510
(16.0 7.0)510
(41.0 49.0)520
(49.0 41.0)520
(44.0 59.0)522
(59.0 44.0)522
(33.0 36.0)533
(36.0 33.0)533
(50.0 54.0)542
(54.0 50.0)542
(62.0 66.0)545
(66.0 62.0)545
(52.0 58.0)563
(58.0 52.0)563
(32.0 40.0)637
(40.0 32.0)637
(50.0 55.0)637
(55.0 50.0)637
(3.0 14.0)650
(14.0 3.0)650
(63.0 80.0)653
(80.0 63.0)653
(10.0 18.0)674
(18.0 10.0)674
(67.0 74.0)726
(74.0 67.0)726
(4.0 12.0)727
(12.0 4.0)727
(62.0 77.0)735
(77.0 62.0)735
(63.0 67.0)773
(67.0 63.0)773
(27.0 32.0)800
(32.0 27.0)800
(43.0 46.0)806
(46.0 43.0)806
(25.0 38.0)855
(38.0 25.0)855
(15.0 17.0)857
(17.0 15.0)857
(2.0 5.0)897
(5.0 2.0)897
(4.0 13.0)904
(13.0 4.0)904
(65.0 72.0)910
(72.0 65.0)910
(72.0 76.0)943
(76.0 72.0)943
(22.0 28.0)961
(28.0 22.0)961
(61.0 69.0)1030
(69.0 61.0)1030
(6.0 7.0)1141
(7.0 6.0)1141
(9.0 23.0)1217
(23.0 9.0)1217
(77.0 79.0)1219
(79.0 77.0)1219
(5.0 33.0)1283
(33.0 5.0)1283
(6.0 50.0)1507
(50.0 6.0)1507
(28.0 72.0)1740
(72.0 28.0)1740
]